 -9.5
-23.0
-23.3
-11.7
-21.8
 -3.7
-21.3
+13.3
 -9.7
-10.2
-16.9
-15.4
-10.7
-13.6
-24.4
-10.6
 +0.5
 -8.6
-30.7
-35.2
-22.4
+12.1
-19.4
 -9.4
-13.4
-16.4
 +4.9
 -2.8
 -6.2
-15.4
 -3.9
 -8.4
     
     
-29.9
     
     
-32.6
     
     
-32.2
-33.6
     
     
-12.0
     
     
-30.9
     
     
-26.8
     
     
 -0.1
     
     
-21.9
 +2.0
-28.8
 +1.6
 -9.7
     
     
-19.8
+17.7
-18.1
-16.1
-10.7
 +1.3
-25.8
-26.6
-40.9
-22.6
-47.9
 -6.1
-22.3
-41.4
-10.3
-21.7
-28.4
     
     
+16.3
 -3.9
+12.8
     
     
-21.7
     
     
 -7.2
-41.2
-27.0
-47.9
-11.8
     
     
-11.5
     
     
 -8.5
     
     
 -0.1
     
     
-30.8
-40.6
-10.3
-44.5
-11.7
-45.9
-34.7
-38.6
     
     
 +8.4
-43.9
-19.4
     
     
 -8.7
     
     
-33.6
     
     
-31.9
     
     
-14.2
-17.3
     
     
-40.7
     
     
-39.7
     
     
 -8.1
     
     
-19.8
     
     
-35.7
     
     
-17.4
-33.4
-32.9
-37.0
-19.4
-17.3
     
     
-17.8
     
     
-30.2
     
     
-34.2
-22.7
-34.9
 -9.4
-24.9
-18.2
-31.7
-28.8
-25.1
-41.5
 -7.7
-30.8
-16.7
-28.5
-11.4
-10.4
-23.5
     
     
-22.5
     
     
-46.0
 -9.5
-42.2
     
     
-11.0
     
     
 -4.5
     
     
-24.1
-12.6
 -0.1
 -4.4
 +5.6
-40.5
-37.2
+19.1
 -0.2
-19.8
-40.1
-17.3
-22.3
 -9.2
 -1.2
 -3.0
-11.2
-25.9
     
     
 +1.4
 +2.8
-15.9
-49.6
-17.4
-16.8
-43.0
-20.2
-22.7
-31.3
 +4.9
-30.6
     
     
-13.9
-37.4
 +2.7
-35.9
-29.6
-24.2
-44.8
-23.4
-28.1
-31.5
-31.8
-20.1
-10.3
     
     
-37.5
     
     
-28.9
     
     
-19.7
     
     
-19.1
 -8.5
 -8.2
-17.3
-10.5
-15.8
-21.1
-17.5
-21.2
     
     
 -9.0
-25.8
-10.7
     
     
-37.6
-29.3
-29.8
-15.8
-20.4
-57.0
-38.9
+10.3
-37.8
-38.8
-33.4
-29.4
-36.6
-29.3
 -6.8
     
     
-19.9
-10.8
 -6.2
-16.7
-32.9
-15.0
 +2.3
-29.5
     
     
 -6.1
     
     
-29.5
-28.1
-27.4
-14.4
-44.1
-37.0
-43.8
 -1.1
-32.5
-28.7
-29.1
-18.6
 -7.7
-12.6
     
     
-24.6
     
     
-32.1
     
     
 -7.0
     
     
-39.2
     
     
-11.0
 -6.6
-10.6
-29.9
-31.2
-26.3
     
     
-18.0
     
     
+12.4
     
     
-28.8
     
     
-18.7
     
     
 +1.0
-42.5
-15.5
-13.8
-18.3
     
     
-41.2
-35.1
-41.2
-24.6
 +2.0
 -8.3
-37.0
 -7.8
 -3.7
-33.9
-35.8
     
     
-13.6
     
     
-13.6
     
     
-23.5
     
     
-11.1
-37.3
-17.8
     
     
-20.8
     
     
-12.0
-38.9
-16.6
-34.3
-11.3
     
     
-17.4
-23.0
-48.0
-43.5
-17.8
-23.9
     
     
 -2.5
     
     
 -4.5
     
     
 -6.7
     
     
-21.7
 -4.3
 -4.8
-14.5
 -4.4
-12.9
     
     
+10.1
     
     
-10.5
     
     
+17.7
     
     
-54.9
     
     
-38.9
-39.8
-25.3
-44.9
-35.6
-38.9
-17.4
 -8.8
 +9.7
     
     
-36.2
     
     
-19.6
     
     
-21.0
-40.5
 -8.6
     
     
-46.6
     
     
-24.8
-42.9
-28.5
-27.2
     
     
-26.2
-30.4
-25.4
-25.7
 -7.6
-24.9
-40.8
     
     
 +1.9
     
     
-42.0
     
     
 +1.7
-42.9
-21.1
-23.6
-15.4
-34.2
 -2.5
-39.3
-16.2
 +1.8
-25.4
-22.9
-12.5
     
     
-18.9
     
     
 +2.4
     
     
-49.2
     
     
-45.0
-26.3
     
     
-31.6
-42.6
     
     
-17.0
     
     
 -7.9
-21.8
+52.0
+22.8
-18.7
 -4.9
 -7.6
     
     
+23.0
     
     
-75.5
     
     
-39.3
-13.2
     
     
-25.0
     
     
 +8.2
     
     
-25.9
 -9.9
-38.0
-39.5
-21.9
-19.0
-36.7
-11.5
 -7.2
 -5.7
-32.4
     
     
-43.6
     
     
 +2.2
     
     
-20.6
     
     
-10.5
     
     
-37.7
-23.5
-17.0
 -7.5
+33.4
+12.2
-28.6
-12.4
-10.7
-24.4
-17.9
-27.5
-32.0
 +4.6
 -4.6
-36.3
 -7.7
 +3.5
-10.2
 -4.5
 -9.4
 -9.4
-23.0
+13.5
-20.8
 -5.5
-11.0
 -0.4
-29.0
 +6.0
-29.7
 -0.8
     
     
-20.2
     
     
-19.8
     
     
-14.2
     
     
-30.4
     
     
-43.2
